0.0026483535766601562,0.1595
0.10332083702087402,0.1588
0.20394325256347656,0.159
0.304534912109375,0.1584
0.40517735481262207,0.1592
0.5057334899902344,0.1596
0.6062643527984619,0.1599
0.7067632675170898,0.1604
0.8073208332061768,0.1602
0.907947301864624,0.1598
1.0085749626159668,0.1596
1.109173059463501,0.159
1.2098276615142822,0.1591
1.3102929592132568,0.1585
1.4107754230499268,0.1587
1.511364459991455,0.1598
1.6119437217712402,0.1598
1.712500810623169,0.1601
1.8130364418029785,0.1603
1.9136762619018555,0.1599
2.0142345428466797,0.159
2.1148555278778076,0.1588
2.2154479026794434,0.1589
2.316033124923706,0.1584
2.4166619777679443,0.1591
2.5172934532165527,0.1599
2.617948293685913,0.16
2.718400239944458,0.1603
2.818932056427002,0.1597
2.9195542335510254,0.1591
3.0201969146728516,0.1589
3.1207430362701416,0.1582
3.2213478088378906,0.1588
3.3220129013061523,0.1591
3.422555446624756,0.1594
3.523195266723633,0.1594
3.6237597465515137,0.1593
3.7243270874023438,0.16
3.8249826431274414,0.1599
3.925492763519287,0.1594
4.026007175445557,0.1588
4.126504182815552,0.1584
4.227104663848877,0.1588
4.327726364135742,0.1591
4.428261756896973,0.1591
4.528869867324829,0.1597
4.62949800491333,0.1601
4.73009181022644,0.1596
4.830562114715576,0.1597
4.93107533454895,0.159
5.0317182540893555,0.1586
5.1322948932647705,0.1587
5.2329182624816895,0.1586
5.333545923233032,0.1592
5.434147596359253,0.1614
5.534623622894287,0.1645
5.635246515274048,0.1477
5.735814332962036,0.1349
5.836341619491577,0.1289
5.936928749084473,0.1261
6.037501573562622,0.125
6.1380455493927,0.1225
6.238539934158325,0.1206
6.339138031005859,0.1201
6.439737319946289,0.119
6.540301322937012,0.1177
6.640882968902588,0.1168
6.7414610385894775,0.1149
6.842017889022827,0.1133
6.942490100860596,0.112
7.043113470077515,0.1104
7.143764019012451,0.1093
7.244397163391113,0.1088
7.344924688339233,0.1081
7.445422172546387,0.1075
7.545923709869385,0.1071
7.64649772644043,0.1064
7.747082233428955,0.1056
7.847696781158447,0.1045
7.948324203491211,0.1034
8.048908472061157,0.1035
8.14953899383545,0.104
8.250070333480835,0.1046
8.350725173950195,0.105
8.451397180557251,0.1056
8.5520761013031,0.1061
8.652734279632568,0.1063
8.75336742401123,0.1063
8.854051113128662,0.106
8.954591035842896,0.1056
9.055139303207397,0.1055
9.155782461166382,0.1055
9.25634765625,0.1061
9.357062816619873,0.1066
9.457762956619263,0.1068
9.55833125114441,0.107
9.658960580825806,0.1066
9.759583711624146,0.1059
9.860239028930664,0.1054
9.960821390151978,0.1054
10.06142282485962,0.1055
10.161960124969482,0.1057
10.262542486190796,0.1059
10.363112688064575,0.1064
10.463792324066162,0.1065
10.564413785934448,0.1061
10.665148258209229,0.1058
10.7658371925354,0.1109
10.866332054138184,0.1724
10.966958045959473,0.244
11.067509412765503,0.228
11.168145179748535,0.1655
11.268782377243042,0.1656
11.369390964508057,0.1701
11.470075607299805,0.1684
11.570684432983398,0.1675
11.67130994796753,0.1661
11.77179765701294,0.1658
11.87239694595337,0.1653
11.973052024841309,0.165
12.07369065284729,0.165
12.174315690994263,0.1647
12.274986743927002,0.1645
12.375560283660889,0.1642
12.476012706756592,0.1636
12.576609134674072,0.1634
12.677249908447266,0.163
12.777985334396362,0.1629
12.87851095199585,0.1633
12.97917366027832,0.1634
13.079806327819824,0.1636
13.180365085601807,0.1637
13.280821084976196,0.1633
13.381439447402954,0.1629
13.482068538665771,0.1621
13.582702875137329,0.1621
13.683329105377197,0.1623
13.784034490585327,0.1627
13.884695291519165,0.1629
13.985440015792847,0.1629
14.086058855056763,0.1629
14.186710596084595,0.1632
14.2874014377594,0.163
14.388047933578491,0.1627
14.48867678642273,0.1622
14.589271783828735,0.162
14.68996000289917,0.162
14.79051423072815,0.1619
14.891080856323242,0.1626
14.9917151927948,0.1628
15.092343807220459,0.1629
15.193026542663574,0.1623
15.29352331161499,0.1622
15.394228219985962,0.162
15.49493956565857,0.1614
15.59544587135315,0.1625
15.696059226989746,0.1621
15.796720743179321,0.1625
15.897236347198486,0.1628
15.997761011123657,0.1623
16.098376035690308,0.1624
16.199016332626343,0.1621
16.299646139144897,0.1617
16.400285243988037,0.1617
16.500896215438843,0.1613
16.601515531539917,0.1614
16.702064037322998,0.1619
16.802663564682007,0.1621
16.903220653533936,0.162
17.003846645355225,0.1622
17.10447907447815,0.1619
17.205145835876465,0.1616
17.305747509002686,0.161
17.40613102912903,0.1611
17.50658869743347,0.1615
17.607221603393555,0.1618
17.707814931869507,0.162
17.808326959609985,0.1616
17.9089572429657,0.1615
18.009605407714844,0.1616
18.110288858413696,0.1613
18.210901021957397,0.1614
18.311578035354614,0.1609
18.412278652191162,0.1606
18.51289129257202,0.1608
18.61360764503479,0.1608
18.714182376861572,0.1615
18.814797401428223,0.1616
18.915385723114014,0.1617
19.01603412628174,0.1618
19.116761684417725,0.1612
19.21733069419861,0.1606
19.318070650100708,0.1606
19.418769121170044,0.1611
19.51930594444275,0.1616
19.619917154312134,0.1615
19.7204692363739,0.1613
19.820968866348267,0.1613
19.9215989112854,0.1611
20.02220916748047,0.161
20.1228084564209,0.1612
20.22334599494934,0.161
20.32393980026245,0.1607
20.424628496170044,0.1606
20.525213956832886,0.1606
20.625705003738403,0.1611
20.726212978363037,0.1616
20.82685875892639,0.1615
20.927435398101807,0.1611
21.028099298477173,0.1609
21.12860655784607,0.1605
21.229247093200684,0.1606
21.329906940460205,0.1608
21.43040895462036,0.1608
21.530869722366333,0.161
21.631431341171265,0.1613
21.731927394866943,0.1612
21.83241844177246,0.1609
21.933013439178467,0.1611
22.03370189666748,0.1613
22.134338855743408,0.1613
22.23498249053955,0.1611
22.33551812171936,0.161
22.435997009277344,0.1607
22.53646445274353,0.1607
22.637049674987793,0.1613
22.73767352104187,0.1616
22.83837604522705,0.1615
22.938940286636353,0.1612
23.039396286010742,0.1606
23.139961004257202,0.1608
23.24054265022278,0.161
23.34120464324951,0.1609
23.441869497299194,0.1608
23.542320013046265,0.1608
23.64280891418457,0.1613
23.743289709091187,0.1613
23.843896627426147,0.1614
23.944449424743652,0.1614
24.04501700401306,0.161
24.145647764205933,0.1607
24.246185064315796,0.1606
24.346688985824585,0.1607
24.447184562683105,0.161
24.547803163528442,0.1612
24.64845108985901,0.1616
24.749090909957886,0.1613
24.84972381591797,0.1611
24.95025396347046,0.1609
