['timestamp', ['x0', 'y0', 'z0'], ['x1', 'y1', 'z1'], ['x2', 'y2', 'z2'], ['x3', 'y3', 'z3'], ['x4', 'y4', 'z4'], ['x5', 'y5', 'z5'], ['x6', 'y6', 'z6'], ['x7', 'y7', 'z7']]
[1700143902.587245, [4.6545772477483e-310, 0.0, 1.4592966060719462e-303], [-7.544843753511652e+303, 3.717925163236039e-294, 1.4592966060719462e-303], [-7.544843753511652e+303, 3.717925163236039e-294, 4.64186499622445e-310], [6.694354621651213e+151, 1.890639807913664e+219, 8.894925544304383e+252], [2661468.909681124, 5.286246716569312e-85, 5.9932545177175925e+141], [1.8393664343693724e+296, 5.0646071417e-314, 0.0], [1.697596633e-313, 4.69618971389316e-310, 2.0080684757044864e+289], [-0.05464258575439453, 0.19624876403808594, -0.09352263641357422]]
[1700143902.6863983, [4.6545772477483e-310, 0.0, 1.4592966060719462e-303], [-7.544843753511652e+303, 3.717925163236039e-294, 1.4592966060719462e-303], [-7.544843753511652e+303, 3.717925163236039e-294, 4.64186499622445e-310], [6.694354621651213e+151, 1.890639807913664e+219, 8.894925544304383e+252], [2661468.909681124, 5.286246716569312e-85, 5.9932545177175925e+141], [1.8393664343693724e+296, 5.0646071417e-314, 0.0], [1.697596633e-313, 4.69618971389316e-310, 2.0080684757044864e+289], [-0.054640098571777346, 0.19622596740722656, -0.09353873443603515]]
[1700143902.7876706, [4.6545772477483e-310, 0.0, 1.4592966060719462e-303], [-7.544843753511652e+303, 3.717925163236039e-294, 1.4592966060719462e-303], [-7.544843753511652e+303, 3.717925163236039e-294, 4.64186499622445e-310], [6.694354621651213e+151, 1.890639807913664e+219, 8.894925544304383e+252], [2661468.909681124, 5.286246716569312e-85, 5.9932545177175925e+141], [1.8393664343693724e+296, 5.0646071417e-314, 0.0], [1.697596633e-313, 4.69618971389316e-310, 2.0080684757044864e+289], [-0.05462441253662109, 0.1962267303466797, -0.09353427886962891]]
[1700143902.8857918, [4.6545772477483e-310, 0.0, 1.4592966060719462e-303], [-7.544843753511652e+303, 3.717925163236039e-294, 1.4592966060719462e-303], [-7.544843753511652e+303, 3.717925163236039e-294, 4.64186499622445e-310], [6.694354621651213e+151, 1.890639807913664e+219, 8.894925544304383e+252], [2661468.909681124, 5.286246716569312e-85, 5.9932545177175925e+141], [1.8393664343693724e+296, 5.0646071417e-314, 0.0], [1.697596633e-313, 4.69618971389316e-310, 2.0080684757044864e+289], [-0.054623023986816406, 0.19624842834472656, -0.09352786254882813]]
[1700143902.9858825, [4.6545772477483e-310, 0.0, 1.4592966060719462e-303], [-7.544843753511652e+303, 3.717925163236039e-294, 1.4592966060719462e-303], [-7.544843753511652e+303, 3.717925163236039e-294, 4.64186499622445e-310], [6.694354621651213e+151, 1.890639807913664e+219, 8.894925544304383e+252], [2661468.909681124, 5.286246716569312e-85, 5.9932545177175925e+141], [1.8393664343693724e+296, 5.0646071417e-314, 0.0], [1.697596633e-313, 4.69618971389316e-310, 2.0080684757044864e+289], [-0.0546108169555664, 0.19623995971679686, -0.09350052642822265]]
[1700143903.0867848, [4.6545772477483e-310, 0.0, 1.4592966060719462e-303], [-7.544843753511652e+303, 3.717925163236039e-294, 1.4592966060719462e-303], [-7.544843753511652e+303, 3.717925163236039e-294, 4.64186499622445e-310], [6.694354621651213e+151, 1.890639807913664e+219, 8.894925544304383e+252], [2661468.909681124, 5.286246716569312e-85, 5.9932545177175925e+141], [1.8393664343693724e+296, 5.0646071417e-314, 0.0], [1.697596633e-313, 4.69618971389316e-310, 2.0080684757044864e+289], [-0.05462018203735351, 0.19621739196777344, -0.09351844024658203]]
[1700143903.1830509, [4.6545772477483e-310, 0.0, 1.4592966060719462e-303], [-7.544843753511652e+303, 3.717925163236039e-294, 1.4592966060719462e-303], [-7.544843753511652e+303, 3.717925163236039e-294, 4.64186499622445e-310], [6.694354621651213e+151, 1.890639807913664e+219, 8.894925544304383e+252], [2661468.909681124, 5.286246716569312e-85, 5.9932545177175925e+141], [1.8393664343693724e+296, 5.0646071417e-314, 0.0], [1.697596633e-313, 4.69618971389316e-310, 2.0080684757044864e+289], [-0.05464736938476562, 0.19625602722167967, -0.0935245132446289]]
[1700143903.282561, [4.6545772477483e-310, 0.0, 1.4592966060719462e-303], [-7.544843753511652e+303, 3.717925163236039e-294, 1.4592966060719462e-303], [-7.544843753511652e+303, 3.717925163236039e-294, 4.64186499622445e-310], [6.694354621651213e+151, 1.890639807913664e+219, 8.894925544304383e+252], [2661468.909681124, 5.286246716569312e-85, 5.9932545177175925e+141], [1.8393664343693724e+296, 5.0646071417e-314, 0.0], [1.697596633e-313, 4.69618971389316e-310, 2.0080684757044864e+289], [-0.05462800979614258, 0.1962435760498047, -0.09351704406738282]]
[1700143903.3861122, [4.6545772477483e-310, 0.0, 1.4592966060719462e-303], [-7.544843753511652e+303, 3.717925163236039e-294, 1.4592966060719462e-303], [-7.544843753511652e+303, 3.717925163236039e-294, 4.64186499622445e-310], [6.694354621651213e+151, 1.890639807913664e+219, 8.894925544304383e+252], [2661468.909681124, 5.286246716569312e-85, 5.9932545177175925e+141], [1.8393664343693724e+296, 5.0646071417e-314, 0.0], [1.697596633e-313, 4.69618971389316e-310, 2.0080684757044864e+289], [-0.054619319915771486, 0.19624224853515626, -0.09351498413085937]]
[1700143903.4896286, [4.6545772477483e-310, 0.0, 1.4592966060719462e-303], [-7.544843753511652e+303, 3.717925163236039e-294, 1.4592966060719462e-303], [-7.544843753511652e+303, 3.717925163236039e-294, 4.64186499622445e-310], [6.694354621651213e+151, 1.890639807913664e+219, 8.894925544304383e+252], [2661468.909681124, 5.286246716569312e-85, 5.9932545177175925e+141], [1.8393664343693724e+296, 5.0646071417e-314, 0.0], [1.697596633e-313, 4.69618971389316e-310, 2.0080684757044864e+289], [-0.05464810943603516, 0.19623548889160156, -0.09352548980712891]]
[1700143903.5891047, [4.6545772477483e-310, 0.0, 1.4592966060719462e-303], [-7.544843753511652e+303, 3.717925163236039e-294, 1.4592966060719462e-303], [-7.544843753511652e+303, 3.717925163236039e-294, 4.64186499622445e-310], [6.694354621651213e+151, 1.890639807913664e+219, 8.894925544304383e+252], [2661468.909681124, 5.286246716569312e-85, 5.9932545177175925e+141], [1.8393664343693724e+296, 5.0646071417e-314, 0.0], [1.697596633e-313, 4.69618971389316e-310, 2.0080684757044864e+289], [-0.05462818908691406, 0.1962266387939453, -0.09352899932861328]]
[1700143903.681656, [4.6545772477483e-310, 0.0, 1.4592966060719462e-303], [-7.544843753511652e+303, 3.717925163236039e-294, 1.4592966060719462e-303], [-7.544843753511652e+303, 3.717925163236039e-294, 4.64186499622445e-310], [6.694354621651213e+151, 1.890639807913664e+219, 8.894925544304383e+252], [2661468.909681124, 5.286246716569312e-85, 5.9932545177175925e+141], [1.8393664343693724e+296, 5.0646071417e-314, 0.0], [1.697596633e-313, 4.69618971389316e-310, 2.0080684757044864e+289], [-0.055738475799560545, 0.21204837036132812, -0.05292928314208984]]
[1700143903.7817566, [4.6545772477483e-310, 0.0, 1.4592966060719462e-303], [-7.544843753511652e+303, 3.717925163236039e-294, 1.4592966060719462e-303], [-7.544843753511652e+303, 3.717925163236039e-294, 4.64186499622445e-310], [6.694354621651213e+151, 1.890639807913664e+219, 8.894925544304383e+252], [2661468.909681124, 5.286246716569312e-85, 5.9932545177175925e+141], [1.8393664343693724e+296, 5.0646071417e-314, 0.0], [1.697596633e-313, 4.69618971389316e-310, 2.0080684757044864e+289], [-0.052372577667236325, 0.17478941345214843, 0.02170930290222168]]
[1700143903.8814814, [4.6545772477483e-310, 0.0, 1.4592966060719462e-303], [-7.544843753511652e+303, 3.717925163236039e-294, 1.4592966060719462e-303], [-7.544843753511652e+303, 3.717925163236039e-294, 4.64186499622445e-310], [6.694354621651213e+151, 1.890639807913664e+219, 8.894925544304383e+252], [2661468.909681124, 5.286246716569312e-85, 5.9932545177175925e+141], [1.8393664343693724e+296, 5.0646071417e-314, 0.0], [1.697596633e-313, 4.69618971389316e-310, 2.0080684757044864e+289], [-0.051938793182373044, 0.13328839111328125, 0.029558944702148437]]
[1700143903.987635, [4.6545772477483e-310, 0.0, 1.4592966060719462e-303], [-7.544843753511652e+303, 3.717925163236039e-294, 1.4592966060719462e-303], [-7.544843753511652e+303, 3.717925163236039e-294, 4.64186499622445e-310], [6.694354621651213e+151, 1.890639807913664e+219, 8.894925544304383e+252], [2661468.909681124, 5.286246716569312e-85, 5.9932545177175925e+141], [1.8393664343693724e+296, 5.0646071417e-314, 0.0], [1.697596633e-313, 4.69618971389316e-310, 2.0080684757044864e+289], [-0.051196582794189455, 0.13113754272460937, 0.029411718368530272]]
[1700143904.085908, [4.6545772477483e-310, 0.0, 1.4592966060719462e-303], [-7.544843753511652e+303, 3.717925163236039e-294, 1.4592966060719462e-303], [-7.544843753511652e+303, 3.717925163236039e-294, 4.64186499622445e-310], [6.694354621651213e+151, 1.890639807913664e+219, 8.894925544304383e+252], [2661468.909681124, 5.286246716569312e-85, 5.9932545177175925e+141], [1.8393664343693724e+296, 5.0646071417e-314, 0.0], [1.697596633e-313, 4.69618971389316e-310, 2.0080684757044864e+289], [-0.051174758911132816, 0.13104104614257814, 0.02936769676208496]]
[1700143904.1860063, [4.6545772477483e-310, 0.0, 1.4592966060719462e-303], [-7.544843753511652e+303, 3.717925163236039e-294, 1.4592966060719462e-303], [-7.544843753511652e+303, 3.717925163236039e-294, 4.64186499622445e-310], [6.694354621651213e+151, 1.890639807913664e+219, 8.894925544304383e+252], [2661468.909681124, 5.286246716569312e-85, 5.9932545177175925e+141], [1.8393664343693724e+296, 5.0646071417e-314, 0.0], [1.697596633e-313, 4.69618971389316e-310, 2.0080684757044864e+289], [-0.05148713684082031, 0.13108184814453125, 0.029095132827758788]]
[1700143904.2863512, [4.6545772477483e-310, 0.0, 1.4592966060719462e-303], [-7.544843753511652e+303, 3.717925163236039e-294, 1.4592966060719462e-303], [-7.544843753511652e+303, 3.717925163236039e-294, 4.64186499622445e-310], [6.694354621651213e+151, 1.890639807913664e+219, 8.894925544304383e+252], [2661468.909681124, 5.286246716569312e-85, 5.9932545177175925e+141], [1.8393664343693724e+296, 5.0646071417e-314, 0.0], [1.697596633e-313, 4.69618971389316e-310, 2.0080684757044864e+289], [-0.053194969177246094, 0.18199388122558594, 0.016716375350952148]]
[1700143904.3870065, [4.6545772477483e-310, 0.0, 1.4592966060719462e-303], [-7.544843753511652e+303, 3.717925163236039e-294, 1.4592966060719462e-303], [-7.544843753511652e+303, 3.717925163236039e-294, 4.64186499622445e-310], [6.694354621651213e+151, 1.890639807913664e+219, 8.894925544304383e+252], [2661468.909681124, 5.286246716569312e-85, 5.9932545177175925e+141], [1.8393664343693724e+296, 5.0646071417e-314, 0.0], [1.697596633e-313, 4.69618971389316e-310, 2.0080684757044864e+289], [-0.054945178985595707, 0.2081474151611328, -0.07125404357910156]]
[1700143904.4862924, [4.6545772477483e-310, 0.0, 1.4592966060719462e-303], [-7.544843753511652e+303, 3.717925163236039e-294, 1.4592966060719462e-303], [-7.544843753511652e+303, 3.717925163236039e-294, 4.64186499622445e-310], [6.694354621651213e+151, 1.890639807913664e+219, 8.894925544304383e+252], [2661468.909681124, 5.286246716569312e-85, 5.9932545177175925e+141], [1.8393664343693724e+296, 5.0646071417e-314, 0.0], [1.697596633e-313, 4.69618971389316e-310, 2.0080684757044864e+289], [-0.05479863739013672, 0.19644984436035157, -0.09320541381835938]]
[1700143904.5829153, [4.6545772477483e-310, 0.0, 1.4592966060719462e-303], [-7.544843753511652e+303, 3.717925163236039e-294, 1.4592966060719462e-303], [-7.544843753511652e+303, 3.717925163236039e-294, 4.64186499622445e-310], [6.694354621651213e+151, 1.890639807913664e+219, 8.894925544304383e+252], [2661468.909681124, 5.286246716569312e-85, 5.9932545177175925e+141], [1.8393664343693724e+296, 5.0646071417e-314, 0.0], [1.697596633e-313, 4.69618971389316e-310, 2.0080684757044864e+289], [-0.054772422790527346, 0.1963956298828125, -0.09328730010986327]]
[1700143904.6861632, [4.6545772477483e-310, 0.0, 1.4592966060719462e-303], [-7.544843753511652e+303, 3.717925163236039e-294, 1.4592966060719462e-303], [-7.544843753511652e+303, 3.717925163236039e-294, 4.64186499622445e-310], [6.694354621651213e+151, 1.890639807913664e+219, 8.894925544304383e+252], [2661468.909681124, 5.286246716569312e-85, 5.9932545177175925e+141], [1.8393664343693724e+296, 5.0646071417e-314, 0.0], [1.697596633e-313, 4.69618971389316e-310, 2.0080684757044864e+289], [-0.05482976531982422, 0.19637014770507813, -0.09335580444335938]]
[1700143904.7868156, [4.6545772477483e-310, 0.0, 1.4592966060719462e-303], [-7.544843753511652e+303, 3.717925163236039e-294, 1.4592966060719462e-303], [-7.544843753511652e+303, 3.717925163236039e-294, 4.64186499622445e-310], [6.694354621651213e+151, 1.890639807913664e+219, 8.894925544304383e+252], [2661468.909681124, 5.286246716569312e-85, 5.9932545177175925e+141], [1.8393664343693724e+296, 5.0646071417e-314, 0.0], [1.697596633e-313, 4.69618971389316e-310, 2.0080684757044864e+289], [-0.054818504333496096, 0.19637030029296876, -0.09337519073486328]]
[1700143904.8820698, [4.6545772477483e-310, 0.0, 1.4592966060719462e-303], [-7.544843753511652e+303, 3.717925163236039e-294, 1.4592966060719462e-303], [-7.544843753511652e+303, 3.717925163236039e-294, 4.64186499622445e-310], [6.694354621651213e+151, 1.890639807913664e+219, 8.894925544304383e+252], [2661468.909681124, 5.286246716569312e-85, 5.9932545177175925e+141], [1.8393664343693724e+296, 5.0646071417e-314, 0.0], [1.697596633e-313, 4.69618971389316e-310, 2.0080684757044864e+289], [-0.05590287017822266, 0.21011058044433595, -0.06354430389404297]]
[1700143904.982671, [4.6545772477483e-310, 0.0, 1.4592966060719462e-303], [-7.544843753511652e+303, 3.717925163236039e-294, 1.4592966060719462e-303], [-7.544843753511652e+303, 3.717925163236039e-294, 4.64186499622445e-310], [6.694354621651213e+151, 1.890639807913664e+219, 8.894925544304383e+252], [2661468.909681124, 5.286246716569312e-85, 5.9932545177175925e+141], [1.8393664343693724e+296, 5.0646071417e-314, 0.0], [1.697596633e-313, 4.69618971389316e-310, 2.0080684757044864e+289], [-0.05328517913818359, 0.18881634521484375, 0.011567831039428711]]
[1700143905.082361, [4.6545772477483e-310, 0.0, 1.4592966060719462e-303], [-7.544843753511652e+303, 3.717925163236039e-294, 1.4592966060719462e-303], [-7.544843753511652e+303, 3.717925163236039e-294, 4.64186499622445e-310], [6.694354621651213e+151, 1.890639807913664e+219, 8.894925544304383e+252], [2661468.909681124, 5.286246716569312e-85, 5.9932545177175925e+141], [1.8393664343693724e+296, 5.0646071417e-314, 0.0], [1.697596633e-313, 4.69618971389316e-310, 2.0080684757044864e+289], [-0.0510557861328125, 0.13625350952148438, 0.03020195007324219]]
[1700143905.1873329, [4.6545772477483e-310, 0.0, 1.4592966060719462e-303], [-7.544843753511652e+303, 3.717925163236039e-294, 1.4592966060719462e-303], [-7.544843753511652e+303, 3.717925163236039e-294, 4.64186499622445e-310], [6.694354621651213e+151, 1.890639807913664e+219, 8.894925544304383e+252], [2661468.909681124, 5.286246716569312e-85, 5.9932545177175925e+141], [1.8393664343693724e+296, 5.0646071417e-314, 0.0], [1.697596633e-313, 4.69618971389316e-310, 2.0080684757044864e+289], [-0.0512203483581543, 0.13111073303222656, 0.029404651641845702]]
[1700143905.2910986, [4.6545772477483e-310, 0.0, 1.4592966060719462e-303], [-7.544843753511652e+303, 3.717925163236039e-294, 1.4592966060719462e-303], [-7.544843753511652e+303, 3.717925163236039e-294, 4.64186499622445e-310], [6.694354621651213e+151, 1.890639807913664e+219, 8.894925544304383e+252], [2661468.909681124, 5.286246716569312e-85, 5.9932545177175925e+141], [1.8393664343693724e+296, 5.0646071417e-314, 0.0], [1.697596633e-313, 4.69618971389316e-310, 2.0080684757044864e+289], [-0.051174304962158204, 0.13109910583496093, 0.029376449584960936]]
[1700143905.382469, [4.6545772477483e-310, 0.0, 1.4592966060719462e-303], [-7.544843753511652e+303, 3.717925163236039e-294, 1.4592966060719462e-303], [-7.544843753511652e+303, 3.717925163236039e-294, 4.64186499622445e-310], [6.694354621651213e+151, 1.890639807913664e+219, 8.894925544304383e+252], [2661468.909681124, 5.286246716569312e-85, 5.9932545177175925e+141], [1.8393664343693724e+296, 5.0646071417e-314, 0.0], [1.697596633e-313, 4.69618971389316e-310, 2.0080684757044864e+289], [-0.05120328903198242, 0.1310819091796875, 0.02932076644897461]]
[1700143905.488581, [4.6545772477483e-310, 0.0, 1.4592966060719462e-303], [-7.544843753511652e+303, 3.717925163236039e-294, 1.4592966060719462e-303], [-7.544843753511652e+303, 3.717925163236039e-294, 4.64186499622445e-310], [6.694354621651213e+151, 1.890639807913664e+219, 8.894925544304383e+252], [2661468.909681124, 5.286246716569312e-85, 5.9932545177175925e+141], [1.8393664343693724e+296, 5.0646071417e-314, 0.0], [1.697596633e-313, 4.69618971389316e-310, 2.0080684757044864e+289], [-0.052836341857910155, 0.17701644897460939, 0.020140926361083986]]
[1700143905.5816727, [4.6545772477483e-310, 0.0, 1.4592966060719462e-303], [-7.544843753511652e+303, 3.717925163236039e-294, 1.4592966060719462e-303], [-7.544843753511652e+303, 3.717925163236039e-294, 4.64186499622445e-310], [6.694354621651213e+151, 1.890639807913664e+219, 8.894925544304383e+252], [2661468.909681124, 5.286246716569312e-85, 5.9932545177175925e+141], [1.8393664343693724e+296, 5.0646071417e-314, 0.0], [1.697596633e-313, 4.69618971389316e-310, 2.0080684757044864e+289], [-0.05444857406616211, 0.21140750122070312, -0.058681488037109375]]
[1700143905.6870563, [4.6545772477483e-310, 0.0, 1.4592966060719462e-303], [-7.544843753511652e+303, 3.717925163236039e-294, 1.4592966060719462e-303], [-7.544843753511652e+303, 3.717925163236039e-294, 4.64186499622445e-310], [6.694354621651213e+151, 1.890639807913664e+219, 8.894925544304383e+252], [2661468.909681124, 5.286246716569312e-85, 5.9932545177175925e+141], [1.8393664343693724e+296, 5.0646071417e-314, 0.0], [1.697596633e-313, 4.69618971389316e-310, 2.0080684757044864e+289], [-0.054715782165527346, 0.1963722686767578, -0.09327011871337891]]
[1700143905.7908921, [4.6545772477483e-310, 0.0, 1.4592966060719462e-303], [-7.544843753511652e+303, 3.717925163236039e-294, 1.4592966060719462e-303], [-7.544843753511652e+303, 3.717925163236039e-294, 4.64186499622445e-310], [6.694354621651213e+151, 1.890639807913664e+219, 8.894925544304383e+252], [2661468.909681124, 5.286246716569312e-85, 5.9932545177175925e+141], [1.8393664343693724e+296, 5.0646071417e-314, 0.0], [1.697596633e-313, 4.69618971389316e-310, 2.0080684757044864e+289], [-0.05475324249267578, 0.19629165649414063, -0.09344970703125]]
[1700143905.8882396, [4.6545772477483e-310, 0.0, 1.4592966060719462e-303], [-7.544843753511652e+303, 3.717925163236039e-294, 1.4592966060719462e-303], [-7.544843753511652e+303, 3.717925163236039e-294, 4.64186499622445e-310], [6.694354621651213e+151, 1.890639807913664e+219, 8.894925544304383e+252], [2661468.909681124, 5.286246716569312e-85, 5.9932545177175925e+141], [1.8393664343693724e+296, 5.0646071417e-314, 0.0], [1.697596633e-313, 4.69618971389316e-310, 2.0080684757044864e+289], [-0.05474696350097656, 0.1963011169433594, -0.0934477310180664]]
[1700143905.9816172, [4.6545772477483e-310, 0.0, 1.4592966060719462e-303], [-7.544843753511652e+303, 3.717925163236039e-294, 1.4592966060719462e-303], [-7.544843753511652e+303, 3.717925163236039e-294, 4.64186499622445e-310], [6.694354621651213e+151, 1.890639807913664e+219, 8.894925544304383e+252], [2661468.909681124, 5.286246716569312e-85, 5.9932545177175925e+141], [1.8393664343693724e+296, 5.0646071417e-314, 0.0], [1.697596633e-313, 4.69618971389316e-310, 2.0080684757044864e+289], [-0.055793708801269534, 0.2015065155029297, -0.08511705017089843]]
[1700143906.0867486, [4.6545772477483e-310, 0.0, 1.4592966060719462e-303], [-7.544843753511652e+303, 3.717925163236039e-294, 1.4592966060719462e-303], [-7.544843753511652e+303, 3.717925163236039e-294, 4.64186499622445e-310], [6.694354621651213e+151, 1.890639807913664e+219, 8.894925544304383e+252], [2661468.909681124, 5.286246716569312e-85, 5.9932545177175925e+141], [1.8393664343693724e+296, 5.0646071417e-314, 0.0], [1.697596633e-313, 4.69618971389316e-310, 2.0080684757044864e+289], [-0.05439375305175781, 0.20138497924804688, -0.003811615228652954]]
[1700143906.1865647, [4.6545772477483e-310, 0.0, 1.4592966060719462e-303], [-7.544843753511652e+303, 3.717925163236039e-294, 1.4592966060719462e-303], [-7.544843753511652e+303, 3.717925163236039e-294, 4.64186499622445e-310], [6.694354621651213e+151, 1.890639807913664e+219, 8.894925544304383e+252], [2661468.909681124, 5.286246716569312e-85, 5.9932545177175925e+141], [1.8393664343693724e+296, 5.0646071417e-314, 0.0], [1.697596633e-313, 4.69618971389316e-310, 2.0080684757044864e+289], [-0.05133540725708008, 0.1413448944091797, 0.029600202560424806]]
[1700143906.2856693, [4.6545772477483e-310, 0.0, 1.4592966060719462e-303], [-7.544843753511652e+303, 3.717925163236039e-294, 1.4592966060719462e-303], [-7.544843753511652e+303, 3.717925163236039e-294, 4.64186499622445e-310], [6.694354621651213e+151, 1.890639807913664e+219, 8.894925544304383e+252], [2661468.909681124, 5.286246716569312e-85, 5.9932545177175925e+141], [1.8393664343693724e+296, 5.0646071417e-314, 0.0], [1.697596633e-313, 4.69618971389316e-310, 2.0080684757044864e+289], [-0.05121300888061524, 0.13117745971679687, 0.02945565605163574]]
[1700143906.3870394, [4.6545772477483e-310, 0.0, 1.4592966060719462e-303], [-7.544843753511652e+303, 3.717925163236039e-294, 1.4592966060719462e-303], [-7.544843753511652e+303, 3.717925163236039e-294, 4.64186499622445e-310], [6.694354621651213e+151, 1.890639807913664e+219, 8.894925544304383e+252], [2661468.909681124, 5.286246716569312e-85, 5.9932545177175925e+141], [1.8393664343693724e+296, 5.0646071417e-314, 0.0], [1.697596633e-313, 4.69618971389316e-310, 2.0080684757044864e+289], [-0.0511679801940918, 0.13104261779785156, 0.029394929885864257]]
[1700143906.487227, [4.6545772477483e-310, 0.0, 1.4592966060719462e-303], [-7.544843753511652e+303, 3.717925163236039e-294, 1.4592966060719462e-303], [-7.544843753511652e+303, 3.717925163236039e-294, 4.64186499622445e-310], [6.694354621651213e+151, 1.890639807913664e+219, 8.894925544304383e+252], [2661468.909681124, 5.286246716569312e-85, 5.9932545177175925e+141], [1.8393664343693724e+296, 5.0646071417e-314, 0.0], [1.697596633e-313, 4.69618971389316e-310, 2.0080684757044864e+289], [-0.05082534790039062, 0.14096217346191406, 0.02902212142944336]]
[1700143906.586124, [4.6545772477483e-310, 0.0, 1.4592966060719462e-303], [-7.544843753511652e+303, 3.717925163236039e-294, 1.4592966060719462e-303], [-7.544843753511652e+303, 3.717925163236039e-294, 4.64186499622445e-310], [6.694354621651213e+151, 1.890639807913664e+219, 8.894925544304383e+252], [2661468.909681124, 5.286246716569312e-85, 5.9932545177175925e+141], [1.8393664343693724e+296, 5.0646071417e-314, 0.0], [1.697596633e-313, 4.69618971389316e-310, 2.0080684757044864e+289], [-0.05476447296142578, 0.21021778869628907, -0.02338321304321289]]
[1700143906.689429, [4.6545772477483e-310, 0.0, 1.4592966060719462e-303], [-7.544843753511652e+303, 3.717925163236039e-294, 1.4592966060719462e-303], [-7.544843753511652e+303, 3.717925163236039e-294, 4.64186499622445e-310], [6.694354621651213e+151, 1.890639807913664e+219, 8.894925544304383e+252], [2661468.909681124, 5.286246716569312e-85, 5.9932545177175925e+141], [1.8393664343693724e+296, 5.0646071417e-314, 0.0], [1.697596633e-313, 4.69618971389316e-310, 2.0080684757044864e+289], [-0.054590797424316405, 0.19719818115234375, -0.09221575927734375]]
[1700143906.7858937, [4.6545772477483e-310, 0.0, 1.4592966060719462e-303], [-7.544843753511652e+303, 3.717925163236039e-294, 1.4592966060719462e-303], [-7.544843753511652e+303, 3.717925163236039e-294, 4.64186499622445e-310], [6.694354621651213e+151, 1.890639807913664e+219, 8.894925544304383e+252], [2661468.909681124, 5.286246716569312e-85, 5.9932545177175925e+141], [1.8393664343693724e+296, 5.0646071417e-314, 0.0], [1.697596633e-313, 4.69618971389316e-310, 2.0080684757044864e+289], [-0.05478361129760742, 0.19628024291992188, -0.09355332946777344]]
[1700143906.8856027, [4.6545772477483e-310, 0.0, 1.4592966060719462e-303], [-7.544843753511652e+303, 3.717925163236039e-294, 1.4592966060719462e-303], [-7.544843753511652e+303, 3.717925163236039e-294, 4.64186499622445e-310], [6.694354621651213e+151, 1.890639807913664e+219, 8.894925544304383e+252], [2661468.909681124, 5.286246716569312e-85, 5.9932545177175925e+141], [1.8393664343693724e+296, 5.0646071417e-314, 0.0], [1.697596633e-313, 4.69618971389316e-310, 2.0080684757044864e+289], [-0.054797821044921875, 0.19627946472167968, -0.09352616882324219]]
[1700143906.9931188, [4.6545772477483e-310, 0.0, 1.4592966060719462e-303], [-7.544843753511652e+303, 3.717925163236039e-294, 1.4592966060719462e-303], [-7.544843753511652e+303, 3.717925163236039e-294, 4.64186499622445e-310], [6.694354621651213e+151, 1.890639807913664e+219, 8.894925544304383e+252], [2661468.909681124, 5.286246716569312e-85, 5.9932545177175925e+141], [1.8393664343693724e+296, 5.0646071417e-314, 0.0], [1.697596633e-313, 4.69618971389316e-310, 2.0080684757044864e+289], [-0.05620070266723633, 0.20451634216308595, -0.07963325500488282]]
[1700143907.0816731, [4.6545772477483e-310, 0.0, 1.4592966060719462e-303], [-7.544843753511652e+303, 3.717925163236039e-294, 1.4592966060719462e-303], [-7.544843753511652e+303, 3.717925163236039e-294, 4.64186499622445e-310], [6.694354621651213e+151, 1.890639807913664e+219, 8.894925544304383e+252], [2661468.909681124, 5.286246716569312e-85, 5.9932545177175925e+141], [1.8393664343693724e+296, 5.0646071417e-314, 0.0], [1.697596633e-313, 4.69618971389316e-310, 2.0080684757044864e+289], [-0.054467506408691406, 0.19920451354980467, 0.0006083149909973145]]
[1700143907.186624, [4.6545772477483e-310, 0.0, 1.4592966060719462e-303], [-7.544843753511652e+303, 3.717925163236039e-294, 1.4592966060719462e-303], [-7.544843753511652e+303, 3.717925163236039e-294, 4.64186499622445e-310], [6.694354621651213e+151, 1.890639807913664e+219, 8.894925544304383e+252], [2661468.909681124, 5.286246716569312e-85, 5.9932545177175925e+141], [1.8393664343693724e+296, 5.0646071417e-314, 0.0], [1.697596633e-313, 4.69618971389316e-310, 2.0080684757044864e+289], [-0.051405574798583986, 0.13900001525878905, 0.02991590690612793]]
[1700143907.288473, [4.6545772477483e-310, 0.0, 1.4592966060719462e-303], [-7.544843753511652e+303, 3.717925163236039e-294, 1.4592966060719462e-303], [-7.544843753511652e+303, 3.717925163236039e-294, 4.64186499622445e-310], [6.694354621651213e+151, 1.890639807913664e+219, 8.894925544304383e+252], [2661468.909681124, 5.286246716569312e-85, 5.9932545177175925e+141], [1.8393664343693724e+296, 5.0646071417e-314, 0.0], [1.697596633e-313, 4.69618971389316e-310, 2.0080684757044864e+289], [-0.0513209342956543, 0.13126467895507812, 0.029435718536376953]]
[1700143907.3817616, [4.6545772477483e-310, 0.0, 1.4592966060719462e-303], [-7.544843753511652e+303, 3.717925163236039e-294, 1.4592966060719462e-303], [-7.544843753511652e+303, 3.717925163236039e-294, 4.64186499622445e-310], [6.694354621651213e+151, 1.890639807913664e+219, 8.894925544304383e+252], [2661468.909681124, 5.286246716569312e-85, 5.9932545177175925e+141], [1.8393664343693724e+296, 5.0646071417e-314, 0.0], [1.697596633e-313, 4.69618971389316e-310, 2.0080684757044864e+289], [-0.051155540466308595, 0.13112184143066405, 0.029514656066894532]]
[1700143907.4869528, [4.6545772477483e-310, 0.0, 1.4592966060719462e-303], [-7.544843753511652e+303, 3.717925163236039e-294, 1.4592966060719462e-303], [-7.544843753511652e+303, 3.717925163236039e-294, 4.64186499622445e-310], [6.694354621651213e+151, 1.890639807913664e+219, 8.894925544304383e+252], [2661468.909681124, 5.286246716569312e-85, 5.9932545177175925e+141], [1.8393664343693724e+296, 5.0646071417e-314, 0.0], [1.697596633e-313, 4.69618971389316e-310, 2.0080684757044864e+289], [-0.05142055130004883, 0.13195457458496093, 0.029413652420043946]]
[1700143907.5815125, [4.6545772477483e-310, 0.0, 1.4592966060719462e-303], [-7.544843753511652e+303, 3.717925163236039e-294, 1.4592966060719462e-303], [-7.544843753511652e+303, 3.717925163236039e-294, 4.64186499622445e-310], [6.694354621651213e+151, 1.890639807913664e+219, 8.894925544304383e+252], [2661468.909681124, 5.286246716569312e-85, 5.9932545177175925e+141], [1.8393664343693724e+296, 5.0646071417e-314, 0.0], [1.697596633e-313, 4.69618971389316e-310, 2.0080684757044864e+289], [-0.053946823120117185, 0.1929817352294922, 0.007517889499664306]]
[1700143907.687106, [4.6545772477483e-310, 0.0, 1.4592966060719462e-303], [-7.544843753511652e+303, 3.717925163236039e-294, 1.4592966060719462e-303], [-7.544843753511652e+303, 3.717925163236039e-294, 4.64186499622445e-310], [6.694354621651213e+151, 1.890639807913664e+219, 8.894925544304383e+252], [2661468.909681124, 5.286246716569312e-85, 5.9932545177175925e+141], [1.8393664343693724e+296, 5.0646071417e-314, 0.0], [1.697596633e-313, 4.69618971389316e-310, 2.0080684757044864e+289], [-0.05501730728149414, 0.20396878051757814, -0.08119948577880859]]
[1700143907.7863045, [4.6545772477483e-310, 0.0, 1.4592966060719462e-303], [-7.544843753511652e+303, 3.717925163236039e-294, 1.4592966060719462e-303], [-7.544843753511652e+303, 3.717925163236039e-294, 4.64186499622445e-310], [6.694354621651213e+151, 1.890639807913664e+219, 8.894925544304383e+252], [2661468.909681124, 5.286246716569312e-85, 5.9932545177175925e+141], [1.8393664343693724e+296, 5.0646071417e-314, 0.0], [1.697596633e-313, 4.69618971389316e-310, 2.0080684757044864e+289], [-0.05482614517211914, 0.19632443237304686, -0.09340776062011719]]
[1700143907.882347, [4.6545772477483e-310, 0.0, 1.4592966060719462e-303], [-7.544843753511652e+303, 3.717925163236039e-294, 1.4592966060719462e-303], [-7.544843753511652e+303, 3.717925163236039e-294, 4.64186499622445e-310], [6.694354621651213e+151, 1.890639807913664e+219, 8.894925544304383e+252], [2661468.909681124, 5.286246716569312e-85, 5.9932545177175925e+141], [1.8393664343693724e+296, 5.0646071417e-314, 0.0], [1.697596633e-313, 4.69618971389316e-310, 2.0080684757044864e+289], [-0.05481975555419922, 0.1962607421875, -0.09350113677978515]]
[1700143907.9878004, [4.6545772477483e-310, 0.0, 1.4592966060719462e-303], [-7.544843753511652e+303, 3.717925163236039e-294, 1.4592966060719462e-303], [-7.544843753511652e+303, 3.717925163236039e-294, 4.64186499622445e-310], [6.694354621651213e+151, 1.890639807913664e+219, 8.894925544304383e+252], [2661468.909681124, 5.286246716569312e-85, 5.9932545177175925e+141], [1.8393664343693724e+296, 5.0646071417e-314, 0.0], [1.697596633e-313, 4.69618971389316e-310, 2.0080684757044864e+289], [-0.05481280517578125, 0.19628311157226563, -0.093521728515625]]
[1700143908.0831566, [4.6545772477483e-310, 0.0, 1.4592966060719462e-303], [-7.544843753511652e+303, 3.717925163236039e-294, 1.4592966060719462e-303], [-7.544843753511652e+303, 3.717925163236039e-294, 4.64186499622445e-310], [6.694354621651213e+151, 1.890639807913664e+219, 8.894925544304383e+252], [2661468.909681124, 5.286246716569312e-85, 5.9932545177175925e+141], [1.8393664343693724e+296, 5.0646071417e-314, 0.0], [1.697596633e-313, 4.69618971389316e-310, 2.0080684757044864e+289], [-0.05482084655761719, 0.1962690887451172, -0.09354241943359375]]
[1700143908.1827958, [4.6545772477483e-310, 0.0, 1.4592966060719462e-303], [-7.544843753511652e+303, 3.717925163236039e-294, 1.4592966060719462e-303], [-7.544843753511652e+303, 3.717925163236039e-294, 4.64186499622445e-310], [6.694354621651213e+151, 1.890639807913664e+219, 8.894925544304383e+252], [2661468.909681124, 5.286246716569312e-85, 5.9932545177175925e+141], [1.8393664343693724e+296, 5.0646071417e-314, 0.0], [1.697596633e-313, 4.69618971389316e-310, 2.0080684757044864e+289], [-0.05485724258422851, 0.1962442169189453, -0.09355787658691406]]
[1700143908.2818964, [4.6545772477483e-310, 0.0, 1.4592966060719462e-303], [-7.544843753511652e+303, 3.717925163236039e-294, 1.4592966060719462e-303], [-7.544843753511652e+303, 3.717925163236039e-294, 4.64186499622445e-310], [6.694354621651213e+151, 1.890639807913664e+219, 8.894925544304383e+252], [2661468.909681124, 5.286246716569312e-85, 5.9932545177175925e+141], [1.8393664343693724e+296, 5.0646071417e-314, 0.0], [1.697596633e-313, 4.69618971389316e-310, 2.0080684757044864e+289], [-0.05644024276733398, 0.2078618927001953, -0.07174200439453125]]
[1700143908.3858898, [4.6545772477483e-310, 0.0, 1.4592966060719462e-303], [-7.544843753511652e+303, 3.717925163236039e-294, 1.4592966060719462e-303], [-7.544843753511652e+303, 3.717925163236039e-294, 4.64186499622445e-310], [6.694354621651213e+151, 1.890639807913664e+219, 8.894925544304383e+252], [2661468.909681124, 5.286246716569312e-85, 5.9932545177175925e+141], [1.8393664343693724e+296, 5.0646071417e-314, 0.0], [1.697596633e-313, 4.69618971389316e-310, 2.0080684757044864e+289], [-0.05283442687988281, 0.18183848571777345, 0.017340858459472655]]
[1700143908.4826565, [4.6545772477483e-310, 0.0, 1.4592966060719462e-303], [-7.544843753511652e+303, 3.717925163236039e-294, 1.4592966060719462e-303], [-7.544843753511652e+303, 3.717925163236039e-294, 4.64186499622445e-310], [6.694354621651213e+151, 1.890639807913664e+219, 8.894925544304383e+252], [2661468.909681124, 5.286246716569312e-85, 5.9932545177175925e+141], [1.8393664343693724e+296, 5.0646071417e-314, 0.0], [1.697596633e-313, 4.69618971389316e-310, 2.0080684757044864e+289], [-0.050562408447265624, 0.13382453918457032, 0.03026222801208496]]
[1700143908.5820236, [4.6545772477483e-310, 0.0, 1.4592966060719462e-303], [-7.544843753511652e+303, 3.717925163236039e-294, 1.4592966060719462e-303], [-7.544843753511652e+303, 3.717925163236039e-294, 4.64186499622445e-310], [6.694354621651213e+151, 1.890639807913664e+219, 8.894925544304383e+252], [2661468.909681124, 5.286246716569312e-85, 5.9932545177175925e+141], [1.8393664343693724e+296, 5.0646071417e-314, 0.0], [1.697596633e-313, 4.69618971389316e-310, 2.0080684757044864e+289], [-0.05114720535278321, 0.1311509246826172, 0.029462127685546874]]
[1700143908.6827042, [4.6545772477483e-310, 0.0, 1.4592966060719462e-303], [-7.544843753511652e+303, 3.717925163236039e-294, 1.4592966060719462e-303], [-7.544843753511652e+303, 3.717925163236039e-294, 4.64186499622445e-310], [6.694354621651213e+151, 1.890639807913664e+219, 8.894925544304383e+252], [2661468.909681124, 5.286246716569312e-85, 5.9932545177175925e+141], [1.8393664343693724e+296, 5.0646071417e-314, 0.0], [1.697596633e-313, 4.69618971389316e-310, 2.0080684757044864e+289], [-0.05108402252197266, 0.14511587524414063, 0.02827790069580078]]
[1700143908.7863576, [4.6545772477483e-310, 0.0, 1.4592966060719462e-303], [-7.544843753511652e+303, 3.717925163236039e-294, 1.4592966060719462e-303], [-7.544843753511652e+303, 3.717925163236039e-294, 4.64186499622445e-310], [6.694354621651213e+151, 1.890639807913664e+219, 8.894925544304383e+252], [2661468.909681124, 5.286246716569312e-85, 5.9932545177175925e+141], [1.8393664343693724e+296, 5.0646071417e-314, 0.0], [1.697596633e-313, 4.69618971389316e-310, 2.0080684757044864e+289], [-0.05499486541748047, 0.21269039916992188, -0.04223443603515625]]
[1700143908.8874998, [4.6545772477483e-310, 0.0, 1.4592966060719462e-303], [-7.544843753511652e+303, 3.717925163236039e-294, 1.4592966060719462e-303], [-7.544843753511652e+303, 3.717925163236039e-294, 4.64186499622445e-310], [6.694354621651213e+151, 1.890639807913664e+219, 8.894925544304383e+252], [2661468.909681124, 5.286246716569312e-85, 5.9932545177175925e+141], [1.8393664343693724e+296, 5.0646071417e-314, 0.0], [1.697596633e-313, 4.69618971389316e-310, 2.0080684757044864e+289], [-0.05499137878417969, 0.19637289428710938, -0.09337693786621094]]
[1700143908.9862714, [4.6545772477483e-310, 0.0, 1.4592966060719462e-303], [-7.544843753511652e+303, 3.717925163236039e-294, 1.4592966060719462e-303], [-7.544843753511652e+303, 3.717925163236039e-294, 4.64186499622445e-310], [6.694354621651213e+151, 1.890639807913664e+219, 8.894925544304383e+252], [2661468.909681124, 5.286246716569312e-85, 5.9932545177175925e+141], [1.8393664343693724e+296, 5.0646071417e-314, 0.0], [1.697596633e-313, 4.69618971389316e-310, 2.0080684757044864e+289], [-0.05492276000976563, 0.1963299102783203, -0.0934582748413086]]
[1700143909.0854154, [4.6545772477483e-310, 0.0, 1.4592966060719462e-303], [-7.544843753511652e+303, 3.717925163236039e-294, 1.4592966060719462e-303], [-7.544843753511652e+303, 3.717925163236039e-294, 4.64186499622445e-310], [6.694354621651213e+151, 1.890639807913664e+219, 8.894925544304383e+252], [2661468.909681124, 5.286246716569312e-85, 5.9932545177175925e+141], [1.8393664343693724e+296, 5.0646071417e-314, 0.0], [1.697596633e-313, 4.69618971389316e-310, 2.0080684757044864e+289], [-0.05489548492431641, 0.19630146789550781, -0.09347647857666015]]
[1700143909.1822574, [4.6545772477483e-310, 0.0, 1.4592966060719462e-303], [-7.544843753511652e+303, 3.717925163236039e-294, 1.4592966060719462e-303], [-7.544843753511652e+303, 3.717925163236039e-294, 4.64186499622445e-310], [6.694354621651213e+151, 1.890639807913664e+219, 8.894925544304383e+252], [2661468.909681124, 5.286246716569312e-85, 5.9932545177175925e+141], [1.8393664343693724e+296, 5.0646071417e-314, 0.0], [1.697596633e-313, 4.69618971389316e-310, 2.0080684757044864e+289], [-0.05494015884399414, 0.1963140106201172, -0.09347154998779297]]
[1700143909.2869244, [4.6545772477483e-310, 0.0, 1.4592966060719462e-303], [-7.544843753511652e+303, 3.717925163236039e-294, 1.4592966060719462e-303], [-7.544843753511652e+303, 3.717925163236039e-294, 4.64186499622445e-310], [6.694354621651213e+151, 1.890639807913664e+219, 8.894925544304383e+252], [2661468.909681124, 5.286246716569312e-85, 5.9932545177175925e+141], [1.8393664343693724e+296, 5.0646071417e-314, 0.0], [1.697596633e-313, 4.69618971389316e-310, 2.0080684757044864e+289], [-0.054885868072509766, 0.19630574035644532, -0.09346422576904297]]
[1700143909.3855085, [4.6545772477483e-310, 0.0, 1.4592966060719462e-303], [-7.544843753511652e+303, 3.717925163236039e-294, 1.4592966060719462e-303], [-7.544843753511652e+303, 3.717925163236039e-294, 4.64186499622445e-310], [6.694354621651213e+151, 1.890639807913664e+219, 8.894925544304383e+252], [2661468.909681124, 5.286246716569312e-85, 5.9932545177175925e+141], [1.8393664343693724e+296, 5.0646071417e-314, 0.0], [1.697596633e-313, 4.69618971389316e-310, 2.0080684757044864e+289], [-0.054916492462158205, 0.1962992248535156, -0.09346821594238282]]
[1700143909.4865649, [4.6545772477483e-310, 0.0, 1.4592966060719462e-303], [-7.544843753511652e+303, 3.717925163236039e-294, 1.4592966060719462e-303], [-7.544843753511652e+303, 3.717925163236039e-294, 4.64186499622445e-310], [6.694354621651213e+151, 1.890639807913664e+219, 8.894925544304383e+252], [2661468.909681124, 5.286246716569312e-85, 5.9932545177175925e+141], [1.8393664343693724e+296, 5.0646071417e-314, 0.0], [1.697596633e-313, 4.69618971389316e-310, 2.0080684757044864e+289], [-0.05494216156005859, 0.196304443359375, -0.09348252105712891]]
[1700143909.5883725, [4.6545772477483e-310, 0.0, 1.4592966060719462e-303], [-7.544843753511652e+303, 3.717925163236039e-294, 1.4592966060719462e-303], [-7.544843753511652e+303, 3.717925163236039e-294, 4.64186499622445e-310], [6.694354621651213e+151, 1.890639807913664e+219, 8.894925544304383e+252], [2661468.909681124, 5.286246716569312e-85, 5.9932545177175925e+141], [1.8393664343693724e+296, 5.0646071417e-314, 0.0], [1.697596633e-313, 4.69618971389316e-310, 2.0080684757044864e+289], [-0.05491016006469727, 0.1963010711669922, -0.09346138000488281]]
[1700143909.6870873, [4.6545772477483e-310, 0.0, 1.4592966060719462e-303], [-7.544843753511652e+303, 3.717925163236039e-294, 1.4592966060719462e-303], [-7.544843753511652e+303, 3.717925163236039e-294, 4.64186499622445e-310], [6.694354621651213e+151, 1.890639807913664e+219, 8.894925544304383e+252], [2661468.909681124, 5.286246716569312e-85, 5.9932545177175925e+141], [1.8393664343693724e+296, 5.0646071417e-314, 0.0], [1.697596633e-313, 4.69618971389316e-310, 2.0080684757044864e+289], [-0.05488485717773438, 0.19630043029785157, -0.09349848937988281]]
[1700143909.78681, [4.6545772477483e-310, 0.0, 1.4592966060719462e-303], [-7.544843753511652e+303, 3.717925163236039e-294, 1.4592966060719462e-303], [-7.544843753511652e+303, 3.717925163236039e-294, 4.64186499622445e-310], [6.694354621651213e+151, 1.890639807913664e+219, 8.894925544304383e+252], [2661468.909681124, 5.286246716569312e-85, 5.9932545177175925e+141], [1.8393664343693724e+296, 5.0646071417e-314, 0.0], [1.697596633e-313, 4.69618971389316e-310, 2.0080684757044864e+289], [-0.054913772583007815, 0.196302734375, -0.09348072814941406]]
[1700143909.8877263, [4.6545772477483e-310, 0.0, 1.4592966060719462e-303], [-7.544843753511652e+303, 3.717925163236039e-294, 1.4592966060719462e-303], [-7.544843753511652e+303, 3.717925163236039e-294, 4.64186499622445e-310], [6.694354621651213e+151, 1.890639807913664e+219, 8.894925544304383e+252], [2661468.909681124, 5.286246716569312e-85, 5.9932545177175925e+141], [1.8393664343693724e+296, 5.0646071417e-314, 0.0], [1.697596633e-313, 4.69618971389316e-310, 2.0080684757044864e+289], [-0.05488720703125, 0.19629658508300782, -0.093496826171875]]
[1700143909.9860868, [4.6545772477483e-310, 0.0, 1.4592966060719462e-303], [-7.544843753511652e+303, 3.717925163236039e-294, 1.4592966060719462e-303], [-7.544843753511652e+303, 3.717925163236039e-294, 4.64186499622445e-310], [6.694354621651213e+151, 1.890639807913664e+219, 8.894925544304383e+252], [2661468.909681124, 5.286246716569312e-85, 5.9932545177175925e+141], [1.8393664343693724e+296, 5.0646071417e-314, 0.0], [1.697596633e-313, 4.69618971389316e-310, 2.0080684757044864e+289], [-0.05486945343017578, 0.196291259765625, -0.09350965118408203]]
[1700143910.0869956, [4.6545772477483e-310, 0.0, 1.4592966060719462e-303], [-7.544843753511652e+303, 3.717925163236039e-294, 1.4592966060719462e-303], [-7.544843753511652e+303, 3.717925163236039e-294, 4.64186499622445e-310], [6.694354621651213e+151, 1.890639807913664e+219, 8.894925544304383e+252], [2661468.909681124, 5.286246716569312e-85, 5.9932545177175925e+141], [1.8393664343693724e+296, 5.0646071417e-314, 0.0], [1.697596633e-313, 4.69618971389316e-310, 2.0080684757044864e+289], [-0.0549044189453125, 0.1963112335205078, -0.09350059509277343]]
[1700143910.1859818, [4.6545772477483e-310, 0.0, 1.4592966060719462e-303], [-7.544843753511652e+303, 3.717925163236039e-294, 1.4592966060719462e-303], [-7.544843753511652e+303, 3.717925163236039e-294, 4.64186499622445e-310], [6.694354621651213e+151, 1.890639807913664e+219, 8.894925544304383e+252], [2661468.909681124, 5.286246716569312e-85, 5.9932545177175925e+141], [1.8393664343693724e+296, 5.0646071417e-314, 0.0], [1.697596633e-313, 4.69618971389316e-310, 2.0080684757044864e+289], [-0.054864833831787106, 0.1962942352294922, -0.0934825668334961]]
[1700143910.281512, [4.6545772477483e-310, 0.0, 1.4592966060719462e-303], [-7.544843753511652e+303, 3.717925163236039e-294, 1.4592966060719462e-303], [-7.544843753511652e+303, 3.717925163236039e-294, 4.64186499622445e-310], [6.694354621651213e+151, 1.890639807913664e+219, 8.894925544304383e+252], [2661468.909681124, 5.286246716569312e-85, 5.9932545177175925e+141], [1.8393664343693724e+296, 5.0646071417e-314, 0.0], [1.697596633e-313, 4.69618971389316e-310, 2.0080684757044864e+289], [-0.05488790512084961, 0.19629869079589843, -0.09350425720214844]]
[1700143910.382354, [4.6545772477483e-310, 0.0, 1.4592966060719462e-303], [-7.544843753511652e+303, 3.717925163236039e-294, 1.4592966060719462e-303], [-7.544843753511652e+303, 3.717925163236039e-294, 4.64186499622445e-310], [6.694354621651213e+151, 1.890639807913664e+219, 8.894925544304383e+252], [2661468.909681124, 5.286246716569312e-85, 5.9932545177175925e+141], [1.8393664343693724e+296, 5.0646071417e-314, 0.0], [1.697596633e-313, 4.69618971389316e-310, 2.0080684757044864e+289], [-0.054954204559326175, 0.19629916381835938, -0.09349893951416016]]
[1700143910.4869275, [4.6545772477483e-310, 0.0, 1.4592966060719462e-303], [-7.544843753511652e+303, 3.717925163236039e-294, 1.4592966060719462e-303], [-7.544843753511652e+303, 3.717925163236039e-294, 4.64186499622445e-310], [6.694354621651213e+151, 1.890639807913664e+219, 8.894925544304383e+252], [2661468.909681124, 5.286246716569312e-85, 5.9932545177175925e+141], [1.8393664343693724e+296, 5.0646071417e-314, 0.0], [1.697596633e-313, 4.69618971389316e-310, 2.0080684757044864e+289], [-0.054875675201416015, 0.19630792236328126, -0.09348868560791015]]
[1700143910.5858605, [4.6545772477483e-310, 0.0, 1.4592966060719462e-303], [-7.544843753511652e+303, 3.717925163236039e-294, 1.4592966060719462e-303], [-7.544843753511652e+303, 3.717925163236039e-294, 4.64186499622445e-310], [6.694354621651213e+151, 1.890639807913664e+219, 8.894925544304383e+252], [2661468.909681124, 5.286246716569312e-85, 5.9932545177175925e+141], [1.8393664343693724e+296, 5.0646071417e-314, 0.0], [1.697596633e-313, 4.69618971389316e-310, 2.0080684757044864e+289], [-0.054872123718261716, 0.1962965087890625, -0.0934743881225586]]
[1700143910.685914, [4.6545772477483e-310, 0.0, 1.4592966060719462e-303], [-7.544843753511652e+303, 3.717925163236039e-294, 1.4592966060719462e-303], [-7.544843753511652e+303, 3.717925163236039e-294, 4.64186499622445e-310], [6.694354621651213e+151, 1.890639807913664e+219, 8.894925544304383e+252], [2661468.909681124, 5.286246716569312e-85, 5.9932545177175925e+141], [1.8393664343693724e+296, 5.0646071417e-314, 0.0], [1.697596633e-313, 4.69618971389316e-310, 2.0080684757044864e+289], [-0.054888938903808596, 0.19629827880859374, -0.09348885345458985]]
[1700143910.7882822, [4.6545772477483e-310, 0.0, 1.4592966060719462e-303], [-7.544843753511652e+303, 3.717925163236039e-294, 1.4592966060719462e-303], [-7.544843753511652e+303, 3.717925163236039e-294, 4.64186499622445e-310], [6.694354621651213e+151, 1.890639807913664e+219, 8.894925544304383e+252], [2661468.909681124, 5.286246716569312e-85, 5.9932545177175925e+141], [1.8393664343693724e+296, 5.0646071417e-314, 0.0], [1.697596633e-313, 4.69618971389316e-310, 2.0080684757044864e+289], [-0.054915721893310544, 0.19628781127929687, -0.09348751831054687]]
[1700143910.8862534, [4.6545772477483e-310, 0.0, 1.4592966060719462e-303], [-7.544843753511652e+303, 3.717925163236039e-294, 1.4592966060719462e-303], [-7.544843753511652e+303, 3.717925163236039e-294, 4.64186499622445e-310], [6.694354621651213e+151, 1.890639807913664e+219, 8.894925544304383e+252], [2661468.909681124, 5.286246716569312e-85, 5.9932545177175925e+141], [1.8393664343693724e+296, 5.0646071417e-314, 0.0], [1.697596633e-313, 4.69618971389316e-310, 2.0080684757044864e+289], [-0.05489952850341797, 0.19630279541015624, -0.09350567626953125]]
[1700143910.9867744, [4.6545772477483e-310, 0.0, 1.4592966060719462e-303], [-7.544843753511652e+303, 3.717925163236039e-294, 1.4592966060719462e-303], [-7.544843753511652e+303, 3.717925163236039e-294, 4.64186499622445e-310], [6.694354621651213e+151, 1.890639807913664e+219, 8.894925544304383e+252], [2661468.909681124, 5.286246716569312e-85, 5.9932545177175925e+141], [1.8393664343693724e+296, 5.0646071417e-314, 0.0], [1.697596633e-313, 4.69618971389316e-310, 2.0080684757044864e+289], [-0.05487012481689453, 0.19631663513183595, -0.09345777893066406]]
[1700143911.0880296, [4.6545772477483e-310, 0.0, 1.4592966060719462e-303], [-7.544843753511652e+303, 3.717925163236039e-294, 1.4592966060719462e-303], [-7.544843753511652e+303, 3.717925163236039e-294, 4.64186499622445e-310], [6.694354621651213e+151, 1.890639807913664e+219, 8.894925544304383e+252], [2661468.909681124, 5.286246716569312e-85, 5.9932545177175925e+141], [1.8393664343693724e+296, 5.0646071417e-314, 0.0], [1.697596633e-313, 4.69618971389316e-310, 2.0080684757044864e+289], [-0.054872425079345706, 0.19630155944824218, -0.09348412322998047]]
[1700143911.1814475, [4.6545772477483e-310, 0.0, 1.4592966060719462e-303], [-7.544843753511652e+303, 3.717925163236039e-294, 1.4592966060719462e-303], [-7.544843753511652e+303, 3.717925163236039e-294, 4.64186499622445e-310], [6.694354621651213e+151, 1.890639807913664e+219, 8.894925544304383e+252], [2661468.909681124, 5.286246716569312e-85, 5.9932545177175925e+141], [1.8393664343693724e+296, 5.0646071417e-314, 0.0], [1.697596633e-313, 4.69618971389316e-310, 2.0080684757044864e+289], [-0.05491827011108399, 0.196296630859375, -0.09350043487548829]]
[1700143911.2862751, [4.6545772477483e-310, 0.0, 1.4592966060719462e-303], [-7.544843753511652e+303, 3.717925163236039e-294, 1.4592966060719462e-303], [-7.544843753511652e+303, 3.717925163236039e-294, 4.64186499622445e-310], [6.694354621651213e+151, 1.890639807913664e+219, 8.894925544304383e+252], [2661468.909681124, 5.286246716569312e-85, 5.9932545177175925e+141], [1.8393664343693724e+296, 5.0646071417e-314, 0.0], [1.697596633e-313, 4.69618971389316e-310, 2.0080684757044864e+289], [-0.05489296722412109, 0.1962960662841797, -0.09349796295166016]]
[1700143911.3815405, [4.6545772477483e-310, 0.0, 1.4592966060719462e-303], [-7.544843753511652e+303, 3.717925163236039e-294, 1.4592966060719462e-303], [-7.544843753511652e+303, 3.717925163236039e-294, 4.64186499622445e-310], [6.694354621651213e+151, 1.890639807913664e+219, 8.894925544304383e+252], [2661468.909681124, 5.286246716569312e-85, 5.9932545177175925e+141], [1.8393664343693724e+296, 5.0646071417e-314, 0.0], [1.697596633e-313, 4.69618971389316e-310, 2.0080684757044864e+289], [-0.05489274215698242, 0.1963056640625, -0.09349278259277344]]
[1700143911.4818394, [4.6545772477483e-310, 0.0, 1.4592966060719462e-303], [-7.544843753511652e+303, 3.717925163236039e-294, 1.4592966060719462e-303], [-7.544843753511652e+303, 3.717925163236039e-294, 4.64186499622445e-310], [6.694354621651213e+151, 1.890639807913664e+219, 8.894925544304383e+252], [2661468.909681124, 5.286246716569312e-85, 5.9932545177175925e+141], [1.8393664343693724e+296, 5.0646071417e-314, 0.0], [1.697596633e-313, 4.69618971389316e-310, 2.0080684757044864e+289], [-0.054902359008789064, 0.1962877197265625, -0.09351053619384765]]
[1700143911.5859113, [4.6545772477483e-310, 0.0, 1.4592966060719462e-303], [-7.544843753511652e+303, 3.717925163236039e-294, 1.4592966060719462e-303], [-7.544843753511652e+303, 3.717925163236039e-294, 4.64186499622445e-310], [6.694354621651213e+151, 1.890639807913664e+219, 8.894925544304383e+252], [2661468.909681124, 5.286246716569312e-85, 5.9932545177175925e+141], [1.8393664343693724e+296, 5.0646071417e-314, 0.0], [1.697596633e-313, 4.69618971389316e-310, 2.0080684757044864e+289], [-0.05485905075073242, 0.19631764221191406, -0.09346920013427734]]
[1700143911.681614, [4.6545772477483e-310, 0.0, 1.4592966060719462e-303], [-7.544843753511652e+303, 3.717925163236039e-294, 1.4592966060719462e-303], [-7.544843753511652e+303, 3.717925163236039e-294, 4.64186499622445e-310], [6.694354621651213e+151, 1.890639807913664e+219, 8.894925544304383e+252], [2661468.909681124, 5.286246716569312e-85, 5.9932545177175925e+141], [1.8393664343693724e+296, 5.0646071417e-314, 0.0], [1.697596633e-313, 4.69618971389316e-310, 2.0080684757044864e+289], [-0.05490428924560547, 0.196295654296875, -0.09349647521972657]]
[1700143911.7872183, [4.6545772477483e-310, 0.0, 1.4592966060719462e-303], [-7.544843753511652e+303, 3.717925163236039e-294, 1.4592966060719462e-303], [-7.544843753511652e+303, 3.717925163236039e-294, 4.64186499622445e-310], [6.694354621651213e+151, 1.890639807913664e+219, 8.894925544304383e+252], [2661468.909681124, 5.286246716569312e-85, 5.9932545177175925e+141], [1.8393664343693724e+296, 5.0646071417e-314, 0.0], [1.697596633e-313, 4.69618971389316e-310, 2.0080684757044864e+289], [-0.05489083480834961, 0.19630885314941407, -0.09347560119628906]]
[1700143911.8814812, [4.6545772477483e-310, 0.0, 1.4592966060719462e-303], [-7.544843753511652e+303, 3.717925163236039e-294, 1.4592966060719462e-303], [-7.544843753511652e+303, 3.717925163236039e-294, 4.64186499622445e-310], [6.694354621651213e+151, 1.890639807913664e+219, 8.894925544304383e+252], [2661468.909681124, 5.286246716569312e-85, 5.9932545177175925e+141], [1.8393664343693724e+296, 5.0646071417e-314, 0.0], [1.697596633e-313, 4.69618971389316e-310, 2.0080684757044864e+289], [-0.05489827346801758, 0.1963079833984375, -0.09348699188232422]]
[1700143911.9817743, [4.6545772477483e-310, 0.0, 1.4592966060719462e-303], [-7.544843753511652e+303, 3.717925163236039e-294, 1.4592966060719462e-303], [-7.544843753511652e+303, 3.717925163236039e-294, 4.64186499622445e-310], [6.694354621651213e+151, 1.890639807913664e+219, 8.894925544304383e+252], [2661468.909681124, 5.286246716569312e-85, 5.9932545177175925e+141], [1.8393664343693724e+296, 5.0646071417e-314, 0.0], [1.697596633e-313, 4.69618971389316e-310, 2.0080684757044864e+289], [-0.05490071487426758, 0.19631768798828125, -0.09347576904296875]]
[1700143912.0874002, [4.6545772477483e-310, 0.0, 1.4592966060719462e-303], [-7.544843753511652e+303, 3.717925163236039e-294, 1.4592966060719462e-303], [-7.544843753511652e+303, 3.717925163236039e-294, 4.64186499622445e-310], [6.694354621651213e+151, 1.890639807913664e+219, 8.894925544304383e+252], [2661468.909681124, 5.286246716569312e-85, 5.9932545177175925e+141], [1.8393664343693724e+296, 5.0646071417e-314, 0.0], [1.697596633e-313, 4.69618971389316e-310, 2.0080684757044864e+289], [-0.05487518692016601, 0.19630775451660157, -0.09348387908935547]]
[1700143912.1896102, [4.6545772477483e-310, 0.0, 1.4592966060719462e-303], [-7.544843753511652e+303, 3.717925163236039e-294, 1.4592966060719462e-303], [-7.544843753511652e+303, 3.717925163236039e-294, 4.64186499622445e-310], [6.694354621651213e+151, 1.890639807913664e+219, 8.894925544304383e+252], [2661468.909681124, 5.286246716569312e-85, 5.9932545177175925e+141], [1.8393664343693724e+296, 5.0646071417e-314, 0.0], [1.697596633e-313, 4.69618971389316e-310, 2.0080684757044864e+289], [-0.05489599609375, 0.19629672241210938, -0.09348636627197265]]
[1700143912.281504, [4.6545772477483e-310, 0.0, 1.4592966060719462e-303], [-7.544843753511652e+303, 3.717925163236039e-294, 1.4592966060719462e-303], [-7.544843753511652e+303, 3.717925163236039e-294, 4.64186499622445e-310], [6.694354621651213e+151, 1.890639807913664e+219, 8.894925544304383e+252], [2661468.909681124, 5.286246716569312e-85, 5.9932545177175925e+141], [1.8393664343693724e+296, 5.0646071417e-314, 0.0], [1.697596633e-313, 4.69618971389316e-310, 2.0080684757044864e+289], [-0.05489841842651367, 0.19629412841796876, -0.09350090789794922]]
[1700143912.3863132, [4.6545772477483e-310, 0.0, 1.4592966060719462e-303], [-7.544843753511652e+303, 3.717925163236039e-294, 1.4592966060719462e-303], [-7.544843753511652e+303, 3.717925163236039e-294, 4.64186499622445e-310], [6.694354621651213e+151, 1.890639807913664e+219, 8.894925544304383e+252], [2661468.909681124, 5.286246716569312e-85, 5.9932545177175925e+141], [1.8393664343693724e+296, 5.0646071417e-314, 0.0], [1.697596633e-313, 4.69618971389316e-310, 2.0080684757044864e+289], [-0.05492585372924805, 0.196287841796875, -0.0935037078857422]]
[1700143912.4862998, [4.6545772477483e-310, 0.0, 1.4592966060719462e-303], [-7.544843753511652e+303, 3.717925163236039e-294, 1.4592966060719462e-303], [-7.544843753511652e+303, 3.717925163236039e-294, 4.64186499622445e-310], [6.694354621651213e+151, 1.890639807913664e+219, 8.894925544304383e+252], [2661468.909681124, 5.286246716569312e-85, 5.9932545177175925e+141], [1.8393664343693724e+296, 5.0646071417e-314, 0.0], [1.697596633e-313, 4.69618971389316e-310, 2.0080684757044864e+289], [-0.05487871170043945, 0.1962970733642578, -0.09347785186767578]]
